88
90
179
56
99
72.45
79.99
99.99
69.98
null
null
101.99
93.5
132
98
98
129.2
95.99
82.99
132
129.99
129.99
134.49
98
229.99
147
127
107
184
119.95
109.99
217
145.96
105
150
89
131.99
214.97
99.99
119.99
99.99
199
164
135.99
60.77
138.99
199
131.99
119
119.99
129.99
129.99
199
119.99
99.95
209
59.99
148
148
148
72.99
200.78
148
168
108
199
100.42
145.98
199.99
163.99
103
109.99
null
129.99
null
155
222.51
147.2
189
89.99
199.99
98.99
null
227.95
179.99
197
73.99
119
90.09
193.14
179.99
132
89.99
179.99
129.99
139.99
84
133.99
134
89
89
198
148
138
259
179
123.9
87.98
199
null
98
168
148
123.95
59.99
69.99
91.99
94.96
78.16
69.99
98
129.99
71.99
122.95
251.09
148
129
76.97
null
167.14
79.09
null
136.99
148
79.99
158.82
84.99
79.99
79.99
78.52
178.99
66.8
62.12
null
179.99
169.99
89
248
98
90.99
null
109.99
159.95
null
139.99
96.72
149.97
149.99
92.91
64
79.99
79.99
83.99
139.99
139.99
114.27
81.02
125.99
54.99
87.99
70.98
71.99
45.99
79.99
180.99
69.99
89.99
79.99
93.9
44.99
105.94
81.98
84.81
59.99
65.99
39.99
109.99
107
117.82
83.98
49.99
94.98
92.98
null
87.99
49.47
88.61
63.92
99.38
54.99
79.99
188.99
52.99
71.83
94.98
107.33
107
81
60.56
87
77
179
110
144
null
64.84
85
null
63.49
72.99
59.99
49.97
99.99
59.99
70.92
null
79.99
79.99
134.99
57.25
86
85
55.99
147.2
null
null
183.95
99
93.35
96
109.99
48.55
74
197
98.69
180
59
77
137
117
97
null
129
169
49.97
44.97
59.99
69.99
79
88.89
75
null
59.99
59.99
null
null
49.99
82.99
59.99
58.53
75
66.2
55.45
79.99
63.98
66.8
69.99
null
62.98
64.98
149.99
164.8
55.49
54.88
99.99
62.98
77.99
82.98
null
63.97
59.98
64.98
66.8
null
56.48
118.71
109
119.99
89
95
69.98
69
99
79
79.98
74.98
58
82.92
59.99
100.42
80.98
23
58
null
94.99
59.99
72.53
99.49
null
98
98
119
null
98
108
198
98
198
null
228
168
null
null
59.99
69.99
89.99
82.99
72.99
169.97
62.99
64.99
46.98
48.98
77.3
77.3
60.16
73.32
65.2
64.37
65.48
92.92
39.64
189.99
224.99
158.19
149.99
71.99
179.99
227.95
null
98.99
199.99
100.64
96.71
58.95
88.19
74.99
56.46
68.76
39.99
43.49
40.76
49.99
56.88
null
34.99
59.99
107
172.86
199.95
142
159.99
165
149.99
149.99
109
119
89.98
69.95
119
170
79.95
149
164.95
143
65.48
99
198.99
165.99
68
135
99.9
40
179.99
155.96
100
82.02
59
69
206.9
84
86.99
99.99
261.55
179.99
89.99
null
72.99
120
192
175
184.5
139.99
79
69
94.99
121.19
101.76
75.86
129
129
41.99
39.98
55.48
101.46
65.51
147.95
79.99
129.99
152.99
55
79.99
79.98
72
109.99
84
89
119.99
58.97
82.98
39.98
109
164.59
174
119
149.99
80
196.67
156.37
128.55
90.99
58.95
59
99.99
109
143.48
119
144.52
199.6
145
139
114.79
149
87.24
110
119.99
109
149.99
184.37
47.87
142.03
159.99
169.99
135
72.99
82.99
44.24
99.99
130
71.99
99.99
94
128.56
93.14
99.95
68
99.99
64.99
null
null
89
99
92.5
79.99
77.72
72.89
69.99
75.99
49
97.59
98.99
59
94.32
49
54.99
99.99
103.98
74.99
39
79.99
99.99
54.99
39
49.99
45.99
113.77
59
null
69
99.93
69.95
97.74
41.99
59.99
79.88
49.96
51.99
53.01
72.44
175.99
101.65
null
89.99
78.94
49.99
55
null
78.93
43.18
55
49.98
89.99
42.88
43.48
78.99
69.99
69.99
69.99
42.48
43.48
76.21
62.99
69.99
99
103.32
99
49.38
128.99
40.99
92.64
191.11
119.99
209.92
92.64
196.44
118.65
174.39
61.76
92.64
139.99
129.99
174.39
159.55
101.08
174.39
61.76
138.83
174.39
174.39
61.76
118.71
110.47
86.08
139.85
159.99
138
78
102.58
348
61.76
61.76
79.99
239
168
99.44
137.12
89
null
66.99
130.34
148
151.4
91.59
79
348
168
179
79
168
null
null
101.67
118.71
148
178
198
128
199
198
null
198
98
159
119.99
77.99
null
85.99
69.99
168
77.99
49.99
98
199.99
189
105.1
89.99
347.01
232.35
98
98
109.28
118.22
162.43
84.36
147.92
119.42
148
69.98
112.94
69
69
121.88
98
81.99
109
109
99
119
98
167.48
107.04
134.99
131.66
108
64.96
94.99
89.99
88.05
89.99
128
169.99
63.8
92.92
131.04
79.99
99.91
169.98
179.98
169.98
94.96
87.25
102.2
62.44
null
99.99
58.97
123.95
59.95
112.49
198.81
179.99
122.95
null
54.82
88.71
139.99
139.99
99.99
62.38
159
99.99
72.78
162.99
159.99
99.99
74.88
74.99
56.99
null
59.98
89.38
77.49
62.99
99
83.18
59.99
89.99
74.99
82.98
55.99
94
null
62.88
63.48
73.88
55.49
69.99
69
80.38
69.99
61.88
69.99
61.58
69.99
62.98
69.68
69.99
69.99
92.91
78.59
59.21
69.99
64.37
76.43
66.24
50.5
56.48
65.48
65.38
59.86
61.99
51.1
89.99
159
227
59.99
89.99
78.53
94.99
73.89
101.93
88.91
62.12
99.99
69.99
39.98
103.55
47.64
69.99
179
59.89
59.86
68.78
102.58
92.92
169
99.99
85
84.36
119
96
61.76
60.56
74
140.45
60
66.99
52.95
107
51
98
44.63
46.6
87
120.76
110.5
55
99.44
64
99
50
190.05
39
129
88.19
107.04
73.99
97.59
90.99
87.99
109
72.84
129
131.89
74.98
null
89.99
105.15
54.5
85
40.2
49.99
74.99
273.81
148
89.9
75
87.96
79.98
91.48
116.76
null
79.99
59.99
57
90
63.16
59.99
55
61.88
null
209.99
119.99
189.99
154
214.97
52.6
84
99.99
279
101.99
139.92
69
89.99
58.25
75.99
79
86.99
84
75
112
199.99
101.67
40.84
99.99
79
78.99
64.98
99
65.92
89
72.45
63.99
null
91.59
109.99
97
109.99
79
101.08
62.68
45
68.76
59.99
90
159
61.76
65.92
127
null
54.9
null
52.46
119
84
79.35
null
95.58
149.99
85
71.71
161.56
44.99
69
89.99
160
null
131.99
79.99
82.99
null
150
51.99
180
58.03
116.95
98
79.95
54.82
64.95
79.88
159.99
67
63.78
49.92
49.96
null
44.28
55.92
69.98
69.99
44.89
69.89
69
93.2
79.99
79.98
67.99
55.99
89
63.99
59
82.99
69.99
109
89.99
69.95
107
79.99
119.99
94.99
59.97
82.99
69.99
109.99
45.99
335.97
39.99
321.11
49.99
237.33
263.77
99.99
251.92
99.99
229
62.99
312.15
269.99
512.51
247
89.57
184.37
268
316.77
null
null
306.99
229
289.99
219.95
399.99
209.99
315
298.29
198
292.8
182.06
247
279
457.39
268.27
269
288
124.99
89
60
60
49.89
37.98
49.47
75
99.99
99.99
299.99
99.99
299.99
247
37.99
236.2
47.87
null
249.99
276.2
62.99
270.96
299.99
255.92
299.99
274.94
259.99
364.44
239.99
319.6
275.5
283.4
248.96
187.39
295
283.92
69.99
250.61
298.95
399
254.92
179.9
157
237.92
196.67
297
319.82
226.83
471.4
157
223.92
142.03
297
339
230.39
157
208
142
197
217.68
234.95
279
198
196.6
124.95
184
192
148
372.62
206.88
213.49
199.95
297
198.99
159
210
99.95
219.99
175.99
169
149
144.22
246.92
109
197
99.99
239.92
149.99
197
222.51
130.22
169
149.88
144.52
249.99
184.5
299.68
119.95
243.48
261.55
99.18
207.99
108
149.88
90.96
89.99
112.99
114.48
139.99
153.2
141.99
260.92
156.96
126
108.7
307.46
255.88
246.99
237.24
208.92
282.92
147.27
110.2
218.92
216.89
209.99
55.02
270.28
205.8
61.99
223.92
55.17
229.98
99.44
99.44
99.44
174.99
99.44
225.88
88.95
212.92
99.44
151.48
124.88
193.79
94.98
213.49
59.95
79
268.95
54.99
114.99
33.35
69.99
259.98
79.95
79.99
219.98
229.99
297
69
299.98
297
279
79.95
78.28
199.99
297
61
99.99
364.87
251.16
268.27
297
37.79
265.99
99.74
199
297
41
85
85
119
249.98
279.99
84.99
60
72.29
58.98
110
248.99
269.95
109
null
189.4
61.39
135
29.68
228.4
null
38.74
79
169
333.52
104
79
57.18
null
70
69
119.98
279.98
299.99
228
51.5
94.99
149.99
279.98
43.5
299
199
299
59
null
239.99
274.99
329.99
220.89
245.99
174
192.73
299.98
99
99
279.98
189
299.99
94
119.99
72.99
299.98
299
214.97
99.99
219.99
59
64.99
99.99
179.99
45
62
224.99
179.98
190.85
288
234.95
79.95
72
259.99
249.98
299.95
209.89
399.95
299.95
288
89.88
208.98
72
270.96
206.87
374.8
209
172.59
169.99
127.19
144.52
139.87
399
471.4
128
137.21
319.6
189.99
219.99
165.99
192
145.49
168.43
199
139.3
295
196.99
279
197.04
202.07
99.95
372.62
149.98
149.98
119
68
199.95
124.95
169
159.99
142.23
88
113.77
135
49.94
54.06
119
142.03
250
262.72
139
149.98
199.99
339
217.68
319.82
55
119
119.95
141.43
108
172.86
