120.51
92.99
93.99
94.99
159.99
157
149.99
150
148
98
134.59
89.99
84
104.99
60
102.99
169.99
91.14
84.99
44.48
42.99
54.99
84
99.99
108
92.04
46.99
105.99
149.99
99.98
124.88
167.5
79.99
48.99
49.99
30.99
189.48
117
109
35.95
132
199.99
119.98
84.48
77.99
98.22
77.42
null
249.99
68.73
62.98
59.99
64.98
117
107
107
205
61.5
229.99
60.95
89.99
104
65.99
67.98
67.97
38.97
157
56.48
74
39.97
99.99
197
162
184.37
69
57.95
109.99
37.99
62.99
46.98
49.99
43.99
42.99
41.48
79
89
79
17.99
16.99
57.94
49.99
29.99
66.24
46.99
53.59
49.99
49.99
49.99
649
159.96
204.99
179.95
219.99
229.99
259.99
219.99
68
104.22
85.99
108.99
169.99
97.29
82.99
125.84
97
189.99
121.49
107
120
127
145
249.99
null
148
148
null
144.22
159
149.88
158
238.13
157
160
159
197
227
224.99
195.99
279.99
268.27
249.99
279
329
44.98
58.19
46.38
49.38
42.48
49.99
38.99
55
59
56
56
50
38.97
34.88
41.4
39.88
44.22
8.38
8.48
124
125.99
99
90.55
112.49
69
118.71
98
94
99
99
99
88.99
109
125.82
72.16
89
79
64.99
46.99
52
59.99
45.99
54.99
82
52
49.47
59.95
71.99
39.99
79
110.99
72.1
82.99
44.24
79.94
72.45
61.88
67.98
54.99
null
72.99
56.88
65.99
69
38.99
62.99
67.98
49.38
46.38
33.47
56.48
49.48
54
52.96
69.96
64.86
50.94
54.08
61.99
72.6
79.1
59.86
66
48.84
43.99
52.86
59.99
54.98
42.48
64.48
65.99
57.2
64.57
53.99
52.74
60
60
50.99
49.99
39.99
53.91
52.96
52
37.98
54.99
25.4
49.95
64.48
52.99
56.07
58.19
49.99
36.98
42.5
56.99
52.99
43.48
54.98
49.99
55.04
61.5
55.5
62.44
42.32
41.58
43.68
49.92
43.18
55
39.98
59
56
56
44.68
41.48
41.46
45.08
54.98
37.38
55.02
72.84
61.22
40.48
55
68
49.99
69.99
39.95
49.99
59.96
36.38
47.48
34.88
599
249.99
329
195.99
224.99
299.99
179.95
199.95
169
190.12
159
394.99
150
null
149.99
155.99
98.99
139.95
150.23
128.55
149.99
142
135
86.99
149.99
130.89
179.99
124.95
119.99
null
147
129.99
139.99
229.99
139.99
147.96
129.99
139.99
149
129
154.95
91.14
108
54
145.98
85.99
102.99
89
94.33
158.95
99.97
117.36
109
99
90.43
68.99
69
72.29
41.4
79
143
139.99
59.99
89
109
98.95
107.78
66.99
62.28
124
106.32
99
149
89.99
84.42
97.99
89
94.99
108
92.98
69
74.99
110.5
118.25
79
89
98.22
59.99
88.99
79.99
119
189.99
99.99
129.99
93.98
108.99
57.99
106.98
99.99
55
109.98
89.99
99.99
44.24
42.48
52.99
99.99
null
54.98
57.59
62.84
67.99
49.95
57.59
95
null
null
55.02
55.5
57.2
59.99
null
52
47.99
59.99
40.48
44.97
49.47
39.88
54.9
79
79
58.65
48.48
39.99
49.94
48
49.99
44.98
79.99
41.7
47.5
49.5
55.6
51.98
44.98
70.79
69
69
39.97
56
42.48
79.94
54.95
43.99
49.98
79.99
79.99
39.89
44.96
50
50
55
47.99
48.99
48.45
42.99
49.95
74.99
47.69
52.99
42.88
43.88
47.99
45.98
56.99
49.99
49.99
35.99
69
46.99
46.9
48.97
44.85
50.48
29.95
41.39
39.99
34.9
47.99
48.49
54.2
39.99
47.99
39.99
46.9
45.99
45.99
58.5
44.98
44.98
42.99
35.89
43.89
39.89
45.99
49
54.99
43.48
58.26
55.37
52.99
39.99
49.98
49.98
53.99
62.99
38.99
45.99
null
44.48
46.07
44
46.07
49.99
38.99
99.99
49.99
46.21
39.99
54.99
59.99
49.51
30.99
42.95
37.25
51.5
44.97
62
44.98
54.99
52.99
59.99
39.99
44.99
49.99
39.99
52.99
49.99
null
56.99
49.99
56.99
56.48
69.99
null
55.49
53.49
52.99
59.99
56.98
99
92.99
79.99
null
169.99
139.99
62.99
99.99
48.99
56.88
59.99
57.9
89.99
86.99
95.97
109.98
65
71.8
84.11
143.96
84.98
91.14
197
129.99
158
169
231.47
214.5
148
73
65.99
68
88.88
75.16
77.98
null
68.89
169.99
83.99
103.99
55.88
49.99
65.88
79.99
89.99
147
185.99
138
99.99
199.99
164
135.95
98
49.99
59.99
57.94
89.95
149
159
48.98
98
91.99
82.98
87.98
119
144
122
77
54.99
43.48
60
64.99
108
67.97
67.98
99.99
107
119
130.74
122
219.99
179.99
179.99
44.99
59.99
62.99
79
62.28
109.99
99.99
89
124
77
47.48
39.99
44.98
44.98
58
56.48
40
59.99
53.99
117.99
149.99
79.99
48.48
null
64
75.99
219.99
149
146.99
109.99
157
30.99
149.99
59.99
59
49.99
109.99
99.97
49.99
35.89
129.99
89.99
138.8
168.95
168
56.99
65.99
98.99
94.95
89.99
114.99
109.99
196.98
109.99
139.99
67.25
49
119.99
108
139.99
89.99
62.99
54.99
99.99
119.95
109.99
92.5
62.76
69.99
109
94.33
123.76
99.99
177.68
59.99
79
169.99
159.99
89.99
109
42.99
99
149.99
111.74
99.99
169
98.22
52
38.99
116.99
149.99
129.99
139.41
118.25
138
109.95
128
82.99
49.99
43.99
45.98
49.47
60
109.98
119.99
84.99
79.99
124
107.78
52.99
81
79
175.99
134.05
98.95
139.99
139.99
139.99
101.93
132.99
114.99
105.47
84
124.88
103.99
94.41
86.98
61.88
84.99
97.12
105.99
108
97
99
84
64
108
92.5
99.99
91.14
118.99
108
null
119.99
109.28
103.99
72.45
34.88
73.89
77.99
60.56
43.48
99
71.99
67.98
72.1
79
79
109
49.38
75.98
59.95
139.99
139.99
101.93
132.99
114.99
105.47
84
124.88
103.99
94.41
86.98
61.88
84.99
97.12
105.99
108
97
99
84
64
108
92.5
99.99
91.14
118.99
108
null
119.99
109.28
103.99
72.45
34.88
73.89
77.99
60.56
43.48
99
71.99
67.98
72.1
79
79
109
49.38
75.98
59.95
139.99
138
249.99
433.67
45.99
129.96
134.59
189.99
139.99
135.99
249.99
247
219.99
237.77
197
43.99
107
119.98
129.99
227
245.99
42.99
254.99
129.98
110.99
107
227
186.49
184
197
189.05
74.99
89
220.89
196.58
178.56
89.99
255.81
199
180.73
81.24
179.99
227
86.99
100.66
155.82
99.99
157.99
197
106.99
103.99
89.97
228
208
50
115.99
106.8
83.99
219.99
247
94.99
84.99
80
229.99
154.99
223.29
209.99
143.96
175.86
249.99
79.99
168
199.99
96.99
154
197
246.99
99.99
99.99
129.99
179.99
113.99
59
99.99
109.99
129.21
88
108.99
142
175.2
99.99
98.99
85
149.99
139.87
88
79.95
134.99
139
109.95
94.8
118
99.99
109
139.99
52
89
109.99
109.99
139.99
98.22
99
77.2
56.7
79.99
125.99
124
160.58
98
65.99
99.99
89.99
91.99
70.92
144.52
89.99
79.95
87.99
99
89.99
135.17
109.99
89.99
92.99
76.99
89.99
58.22
99
169.99
135
89.99
84.98
94.11
42.5
57.99
79.65
88
null
99.99
63.99
59.98
75.98
111.92
64.99
89.99
94.99
59.99
81.72
99.99
84.99
119.99
89
85.99
101.99
97.15
108.74
79.98
84
59.99
49.97
49.76
129.99
69.87
89.23
79
69.99
52.99
109
59.99
74.06
95.39
179.99
219.99
219.99
99.99
185.99
149
49.48
99
82.34
56.88
203.99
75.99
224.99
260.99
188.89
192
198
209.99
61.88
219.99
220.88
64.98
184
197
227
197
195.99
178.99
219.99
198
49.98
219.99
247
219.99
198
52
433.67
189.99
219.99
38.97
49.47
229.99
198
199.99
265.99
46.38
42.99
199
198
269.99
49.38
42.99
279.99
99.99
160
46.99
242.99
179
149.99
150
129.99
205
174.39
174.39
229.99
179.99
149.99
111.51
153
229.99
167.32
159.99
43.48
148.59
184.37
48.99
162
162
206.93
159.99
159.99
157
149.99
149.99
247
162
129.99
129
159.99
197
144.52
169.99
148
148
null
99.99
149.99
98.22
99
139.99
125.99
139.96
246.99
120.51
38.99
44.48
54.99
206.88
198
139.99
131.31
109
109
109.99
109.99
186.49
109.99
119.99
114.99
125
120.95
210
157
103.99
88.99
143.79
143.79
109.99
105.26
121.99
121.99
129.95
179.99
79.99
146
77
170.62
299.99
109
null
98
135.17
139.99
169.99
160
135
136.99
149.95
145.99
134.59
158.4
178
144.99
149.99
189.99
162
162
109.98
132
117
187.99
100
92.04
99.98
102.99
84
105.99
109.99
132
158.4
164
164
144
53.98
124.99
209.99
206.19
199.99
195
199.98
196.99
189.99
263.38
199.99
209.89
157.99
188.89
172.59
189
179.99
206.79
214.38
265.73
181.2
179
199
199.74
178
198
null
199
148.59
198
198
189.99
171.49
180.32
159.99
198
178.99
165.99
199.88
149.95
179
208.99
182.56
199.98
159.99
179
209.99
179.99
157.99
199.99
184
199.99
205
246.99
179.99
155.99
179.99
169.99
220.88
197
null
169.99
184.99
179
197
59
59
53.37
197
149.99
139.99
176
187.87
199.99
186.75
185.99
185.99
189.99
174
null
176
189.99
148.95
158
178.99
145.99
185.99
139.99
179.99
149.99
203.94
152.99
155.82
174.36
54.99
49.63
159
154.64
178.56
48.48
136.99
139.99
250.95
44.99
145.99
140.79
165
799
99.95
148.99
184.37
124
127
127.08
125.99
253.42
197.97
129.99
133.32
376.7
249.99
269.99
269.99
169.99
144.52
160
135
227
433.67
199.99
289
247
247
169.99
120.19
119.99
125.99
