12
12
12
12
12
99
12
12
12
99
12
100
99
12
99
12
12
0
12
12
12
0
99
0
0
12
12
4
12
12
85
99
12
12
74
12
0
99
99
12
99
12
12
12
57
12
12
0
12
12
12
12
12
99
0
99
12
12
12
12
12
99
12
12
12
99
99
12
99
99
0
0
99
2
99
12
99
12
12
0
0
12
12
12
99
0
0
12
12
12
12
12
12
0
0
99
12
12
12
12
12
0
12
12
12
12
99
0
61
12
12
99
0
0
99
1
99
0
99
99
0
99
2
99
99
99
99
18
99
12
5
99
0
0
0
99
12
12
12
0
99
99
99
12
12
12
12
12
12
12
99
99
99
99
99
99
12
99
99
99
12
12
12
0
12
0
12
12
12
12
12
1
12
3
12
99
12
0
99
99
18
12
85
99
12
99
99
99
12
0
11
12
99
12
12
0
0
20
99
12
12
12
12
12
12
12
99
12
12
12
12
12
12
12
12
12
12
12
12
99
12
12
12
99
12
12
12
99
12
12
12
12
12
12
12
12
12
0
99
99
12
12
12
99
12
99
99
99
0
12
12
12
12
12
12
12
12
12
12
12
12
12
12
12
12
12
12
12
12
12
0
99
0
99
99
99
12
12
12
4
12
12
12
12
12
12
99
99
12
12
0
74
12
0
12
12
12
99
99
12
12
16
0
0
99
99
99
0
99
0
12
12
12
0
12
19
12
0
12
12
12
10
12
0
12
0
99
12
0
3
12
0
0
12
99
99
99
0
0
99
12
34
12
0
12
12
12
12
10
99
99
12
0
99
99
99
5
6
99
12
10
0
12
10
12
99
99
99
4
12
0
12
12
12
0
12
9
49
41
12
12
99
12
12
12
12
12
1
12
12
12
12
12
0
0
0
12
12
0
0
12
12
12
0
12
12
12
12
12
12
12
0
0
12
12
12
12
0
99
12
12
12
99
12
99
99
12
99
12
12
99
2
12
12
99
12
12
12
12
12
0
99
99
0
99
99
99
5
20
0
0
99
0
12
12
99
99
99
99
12
12
12
12
12
99
12
12
12
12
12
12
12
0
0
2
2
12
12
10
6
2
14
3
9
12
1
12
4
12
3
2
12
12
12
0
12
0
12
12
0
12
0
0
12
12
0
12
12
12
12
12
12
12
12
12
0
12
12
9
12
74
12
0
12
0
12
12
12
0
12
99
12
99
99
6
99
12
12
12
12
99
72
12
0
12
0
12
12
12
12
0
12
12
12
12
12
12
12
12
12
0
0
12
12
0
12
12
12
0
0
12
12
12
0
12
0
12
12
0
0
0
39
3
0
29
13
99
0
99
10
12
12
0
12
12
12
12
12
12
12
8
0
99
12
99
0
6
99
12
99
12
12
12
12
12
0
12
99
0
8
0
99
73
12
99
12
12
99
40
1
12
12
0
0
99
12
0
12
12
12
12
12
12
99
12
12
12
12
99
99
12
12
12
99
3
12
0
12
12
99
11
11
12
0
99
2
0
4
12
12
99
12
12
99
0
12
12
12
12
12
12
12
12
48
12
12
12
12
99
12
12
1
12
99
12
12
0
12
99
0
12
12
99
12
0
12
11
12
12
99
12
12
12
0
12
99
12
12
12
10
12
99
12
99
12
18
12
99
12
12
12
12
12
12
99
99
99
0
0
12
12
12
99
12
6
12
12
99
12
12
0
99
12
12
0
6
12
12
0
12
12
12
99
4
0
99
0
12
12
12
4
99
99
100
99
12
99
11
12
0
12
0
0
1
12
12
99
12
12
12
99
12
99
11
12
12
99
99
10
12
0
0
12
12
0
12
12
12
99
4
0
99
0
12
12
12
4
99
99
100
99
12
99
11
12
0
12
0
0
1
12
12
99
12
12
12
99
12
99
11
12
12
99
99
10
12
0
0
12
99
99
12
12
12
12
50
12
12
0
99
0
0
0
12
0
99
3
99
12
12
12
99
0
99
0
1
99
99
0
12
12
66
12
12
12
12
12
99
4
100
0
12
12
99
97
100
0
100
12
12
99
99
0
12
11
12
0
99
12
9
99
0
12
0
12
12
3
12
0
0
0
12
12
29
12
12
12
0
12
12
99
6
7
5
99
0
0
46
15
12
12
100
99
99
0
0
99
12
99
99
45
99
9
99
99
0
12
12
12
12
12
12
94
0
99
9
3
0
12
100
12
1
12
12
0
12
12
100
12
0
12
0
100
12
12
12
12
12
12
0
99
12
12
12
12
0
12
1
12
0
12
12
99
12
0
12
12
49
12
99
12
12
12
0
99
9
12
99
99
0
99
99
12
12
4
12
12
99
99
12
12
12
0
12
12
99
12
12
12
2
12
12
99
12
99
99
99
0
12
12
12
99
99
12
99
12
99
99
12
12
12
99
12
12
99
12
12
12
12
0
12
99
23
99
12
0
12
12
0
12
12
9
12
28
12
12
12
99
0
12
12
99
0
12
99
12
12
12
2
12
12
1
8
12
12
99
6
12
99
99
12
99
0
29
12
12
99
99
0
0
12
12
99
12
0
12
12
12
12
12
12
19
0
12
99
10
99
12
0
1
12
6
12
12
12
99
99
0
12
0
0
12
12
0
0
12
12
12
12
99
12
12
99
2
0
12
12
12
12
12
12
12
12
12
0
12
12
12
12
7
99
12
99
99
12
12
12
12
12
99
4
99
99
0
99
13
6
30
99
12
12
5
12
12
99
12
12
99
12
99
12
99
99
12
12
99
12
12
12
12
33
12
12
12
99
50
65
99
2
100
100
12
99
12
12
12
12
12
12
12
99
0
12
12
12
9
99
99
99
7
99
12
12
12
12
12
39
12
12
12
99
0
99
12
12
39
12
12
12
12
12
1
1
25
99
12
12
12
99
12
12
12
0
12
0
12
0
48
99
12
99
0
2
99
99
0
0
12
0
99
12
99
99
100
99
12
12
12
12
0
12
0
12
99
99
10
12
12
12
