88
68.18
148
56
99
72.45
79.99
99.99
69.98
68.99
71
116.99
89.99
139.46
98
98
129.2
95.99
82.99
113.03
129.99
149.99
134.59
108.37
172.49
146
127
96
184
119.95
130.45
197
145.96
105
179
89
131.99
214.97
109.99
119.99
99.99
199
164
79.99
125
129.99
199
131.99
134
121.28
99.99
null
199
119.99
99.95
209
67.49
168
168
168
75.99
200.78
148
168
148
199
99.54
148.18
199.99
256.73
141.99
109.99
null
129.99
null
155
164.99
147.2
170.1
89.99
null
70.86
99.95
225.99
179.99
197
73.99
119
59.99
193.14
179.99
138.48
80.84
179.99
154.99
192.42
84
115.99
134
89
89
198
148
138
259
179
125.48
84
232.99
null
98
168
148
123.95
58.99
69.99
87.64
91.74
78.16
null
98
159.99
77.99
145.82
269.59
148
129
84.98
null
167.14
82.99
null
139.99
148
85.99
169
79.99
79.99
89.99
95.83
188.99
79.98
78.49
null
188.99
188.99
89
98
98
106
null
109.99
159.95
187.99
109.99
96.72
149.97
149.99
68.99
64
79.99
79.99
64.99
145.99
145.99
114.27
89.01
123.99
54.99
87.99
79.99
66.99
59.5
97.99
164.99
89.99
97.99
79.99
109.74
34.99
105.94
82.28
122.7
42.99
65.99
46.99
84.99
107
117.82
94.98
49.99
92.99
84.99
null
84.99
49.47
87.81
64
99.38
54.99
64.99
null
67.99
71.99
94.99
107.33
107
81
60.56
59.99
77
179
110
144
null
64.84
85
89.99
64.39
72.99
59.99
49.99
99.99
49.99
70.92
null
79.99
69.98
129.99
79.99
85
85
59.99
147.2
null
null
219.99
98
93.35
96
109.99
54.96
74
197
119.99
180
59
77
137
179
97
null
129
169
49.97
44.97
69.99
69.99
79
95.26
75
null
71.99
59.99
null
null
62.99
54.99
59.99
58.37
83.08
66.88
59.99
79.99
63.98
66.8
68.99
68.99
64.85
67.97
125.99
164.8
57.99
57.38
99.99
64.85
77.99
91.98
68.23
67.98
62.28
67.98
66.8
null
47.99
118.71
106.99
119.99
89
79
69.98
69
99
79
79.98
74.98
58
74.87
59.99
99.54
98.99
58
58
null
94.99
59.99
72.53
97.99
null
98
98
119
null
98
148
198
98
198
null
124
198
69.99
null
59.99
69.99
74.99
59.5
84.99
169.98
64.01
62.99
46.98
48.98
77.97
77.97
65.34
65.99
59.95
64.37
65.48
70.79
39.64
205.99
225.99
139.99
null
66.99
179.99
225.99
99.95
70.86
null
102.68
90.18
56.99
95.47
51
51.36
61.89
35.07
39.14
40.76
45.99
58.88
null
34.99
59.99
96
164.92
199.95
149.95
114.99
165
68
149.99
109
119
89.98
69.95
119
170
79.95
149
119
165.38
67.48
99
189.99
164.99
68
99
90
40
179.99
156.21
119.99
79.44
59
69
149.99
89
51.98
99.99
261.55
109.99
89.99
null
69.99
120
199.99
143.96
249.95
129.99
89
69
94.99
105.79
101.76
75.86
129
88
54.76
47.99
55.04
100.45
64.93
147.95
69.84
116.99
152.99
56.47
79.99
79.99
78.82
109.99
84
89
67.95
49.97
81.58
39.98
109
165.43
174
161.96
118.49
80
156.83
129.99
58.58
129.99
64.99
59
99.99
109
143.48
119
144.52
199.65
69
179
89.99
164.99
99
110
119.98
109
109.99
184.37
47.87
158.16
159.99
169.99
136.95
70.99
79.99
44.24
89.99
125.01
73.09
89
94
119
93.14
100
68
84.95
64.99
null
null
72.43
99
92.5
79.99
77.72
72.16
69.99
89.99
44
84.89
114.47
69
94.32
47.1
54.99
97.99
103.98
74.99
49
79.99
99.99
54.99
39
62.99
65.98
111.88
64
null
69
63.9
69.95
98.11
41.99
39.99
79.88
54.76
62.99
55
59.99
99.99
101.65
null
91.99
78.94
60.99
44.98
null
78.93
44.98
44.98
55
89.99
44.88
42.48
78.99
69.99
69.99
69.99
44.48
42.48
81.95
62.99
69.99
78.63
68
99
49.38
141.99
45.99
92.64
206.93
119.99
184.39
92.64
184.99
97.42
159.12
61.76
92.64
139.99
129.99
191.88
159.55
111.01
189.52
61.76
128.93
220.71
159.99
61.76
128
110.47
86.08
139.85
159.99
148
96.98
129.25
348
61.76
61.76
94
239.2
168
92.12
149.98
119.99
148
87
235.45
188.82
151.4
91.22
79
348
168
179
79
168
94.98
null
106.44
118.71
148
178
198
98
232.99
198
null
198
98
159
119.99
77.99
null
85.99
69.99
168
77.99
63.32
98
199.99
170.1
105.1
89.99
321.08
121
98
98
109.28
118.22
162.43
84.36
147.92
119.42
148
69.98
112.94
69
69
122.06
98
81.99
106.99
99
99
119
98
135.06
107.04
139.99
131.66
112.99
64.96
99.99
109.99
98.62
89.99
128
169.99
63.8
70.79
142.15
79.99
99.91
179.98
179.98
159.98
91.74
110.99
95.45
62.44
185.99
99.99
58.97
123.95
69.99
129.99
198.81
199.99
145.82
null
54.82
82.42
124.99
139.99
99.99
62.38
159
99.99
72.78
169.99
159.99
99.99
74.88
74.99
53.99
null
62.28
89.38
77.49
62.99
99
83.18
58.99
92.99
74.99
91.98
55.99
92.97
68.99
62.88
63.48
73.88
57.99
69.99
87
81.27
69.99
61.88
69.99
62.98
69.99
64.85
69.68
69.99
69.99
68.99
78.59
69.53
68.99
64.37
76.8
65.59
49.99
47.99
65.48
65.38
57
66.98
49.99
75.8
159
227
59.99
89.99
84.29
82.99
69.93
101.93
88.91
78.49
100.25
69.99
39.98
94.37
47.64
75.16
149
64.32
57
65.4
129.25
70.79
169
99.99
85
84.36
119
96
61.76
60.56
74
183.68
65
87
52.95
96
49.88
98
41.24
46.6
59.99
120.76
94.95
56.47
99.44
50
109
37.13
190.05
39
129
88.19
107.04
73.99
97.65
129.99
87.99
106.99
84.99
129
85
82.98
null
137.57
144.95
54.99
85
40.2
49.99
59.95
270.9
168
99.9
75
87.96
79.99
91.48
97.62
39.99
85.99
69.99
57
68.18
63.16
67.49
56.47
61.88
119
209.99
119.99
121.35
154
214.97
52.61
89
99.99
127
116.99
99
69
89.99
58.25
97.99
79
99.99
84
75
112
99.99
106.44
40.84
99.99
79
76.49
64.98
99
65.92
89
72.45
63.99
null
91.22
109.99
97
99.99
79
111.01
62.68
45
61.89
65.99
90
159
61.76
65.92
127
null
57
null
52.46
109
84
79.35
null
94.98
348.46
85
64.54
161.56
40
69
75.99
160
null
154.99
79.99
91.99
null
150
51.99
180
58.03
139.98
99
79.95
54.82
68.95
79.88
159.99
69.44
64.48
49.92
59.82
null
44.28
55.92
69.98
69.99
45.24
66.33
69
72.99
79.99
79.98
77.59
55.99
89
68.05
59
85.99
59.98
99
null
71.97
96
79.99
119.99
94.99
59.97
82.99
69.99
119.99
69.99
336
39.99
321.11
62.99
241.48
263.77
69.99
236.76
62.99
229
66.99
312.15
269.99
633.34
247
89.57
184.37
268
269.99
349.99
229.99
317.39
229
289.99
299.95
399.99
229.99
315
290.19
269.99
292.81
197
247
279
457.39
267
269
234.55
85.45
89
55
49.47
49.89
37.98
48
75
97.99
99.99
299.99
99.99
299.99
247
37.99
236.2
47.87
269
239.99
332.79
89.99
272.5
299.99
255.92
299.99
274.94
299.99
273.79
259.99
309.52
275.5
283.2
200.46
187.39
299.95
248.51
69
250.61
399.75
399
255
169.95
194
259.98
156.83
297
296.99
229.45
471.4
168
247.56
158.16
297
349
230.39
193
215
149.95
197
217.68
225.4
242.99
178
231.47
124.95
184
199.99
148
299
206.88
213.49
199.95
297
189.99
159
210
99.95
219.99
99.99
95.97
169
154
289.99
109
197
99.99
240
118.49
197
164.99
144.59
179
172.71
144.52
229
249.95
299.68
139.95
305
261.55
109.65
201.99
108
165.99
89.75
134
124.99
110.74
141.5
135.78
141.99
277.04
89.16
94.15
123.44
277.42
255.88
266.99
237.24
269.9
282.98
141.12
53.58
298.9
216.89
209.99
55.02
270.28
205.8
64.98
218.35
58.41
193.92
99.44
99.44
99.44
159.99
99.44
216.69
87.95
215.85
99.44
139
133.04
190.72
94.98
261.34
59.95
79
249
72
88.65
40.95
99.99
259.99
79.95
85.99
219.98
239.99
297
65
229.98
297
279
79.95
97.85
229
267
80
84.95
393
229
267
297
37.63
null
99.74
209.99
297
44.45
98.25
98.25
99
249.98
238.86
78.49
60
76.99
52.98
110
249.98
269.95
106
64
189.4
61.39
136.95
29.68
231.16
274.99
38.74
79
169
259.98
104
89
57.18
62
70
69
119.98
279.99
299.98
229
51.5
94.99
109.99
249.36
43.5
299
199
224
59
72.99
239.99
281
349.99
220.89
249.99
269
192.73
299.98
99
72.45
279.98
211
399.99
94
119.98
69.99
299.98
299
214.97
99.99
219.99
59
65.65
99.99
149.96
45
69
224.99
209.9
198.6
288
225.4
50.87
72
280.69
249.98
230
209.89
314
278.99
289.95
71
209.99
74.79
272.5
205.45
279.44
239
172.59
100.29
156.99
144.52
139.87
399
471.4
139.99
119.84
309.52
240.99
254.4
195
199.99
145.49
192.99
171.2
139.99
299.95
195.99
242.99
197.04
199.44
99.95
299
179.98
189.99
119
68
199.95
124.95
179
114.99
142.23
89
111.88
135
39.74
62.01
129.54
158.16
250
224
179
149.98
199.99
349
217.68
296.99
56.47
134
139.95
131.59
119
164.92
89.99
220.71
59
63.67
78.26
233.18
305
66.38
79.84
79.98
74
50.63
142.33
69.99
89.99
220.71
59
63.67
78.26
233.18
305
66.38
79.84
79.98
74
50.63
142.33
69.99
79
109.99
79.98
69.93
62.6
79
59.99
109.99
72.45
80.49
79
259.99
229
219.99
null
249
220
299.99
299.99
279.99
239.99
219.99
null
328
160
160
389.99
227
98.65
145
310.28
308
145
294
177.94
279.99
209
228
267.32
218
255.18
238.86
298.23
274
268.95
229.99
230.9
218.76
299
478.4
299
228
168
264.15
227
208.99
206.62
399
297
299.99
359.99
279.46
219.99
289.99
210.08
269
217.55
329.99
342.63
249.99
226
227
299
249.99
188
233.18
329
249.99
249
248.02
219.99
172.35
159.99
218
297
182.34
257
250.99
109.99
199
220.89
173.49
219.2
163.12
298
265.99
180
267.23
299
179.3
198
422.97
214.97
175.99
267
49.88
198
163
297
135
138
279.99
130.94
220
197
268.18
69.99
129.99
150
74.92
114.99
124.99
159.99
64
109.99
67.88
115
127.99
139
159.99
101.39
269
115.92
107.24
359
89.16
119.53
297
177.19
149.42
120.57
88
195
39.25
47.1
44.48
41.93
43.28
18.97
37.98
34.18
55.48
30.99
32.99
197.42
109.99
113.08
139.88
159.99
159.99
160
124.87
109
72.45
179.99
104.59
75
86.94
78.99
94.95
49.99
null
79
99
138.99
99.99
228.99
247
169
222.99
259.98
178
22.98
319.99
299
197
197
94.99
79
474.87
329.99
297.99
274
299
81.99
249
99.99
134.95
79
224
169.99
431.99
212.92
150
198
179.99
109.99
275
279.99
209.97
158
158
199.99
236.52
80
119.84
88
99.99
157
239
128
94.99
184.37
158
134.99
80
76.49
95.98
99.99
99.99
95.98
94.99
299.9
114
98.25
75
229.99
149.95
29.83
80
149
292.99
139
99
99.99
247
219.2
79.32
98.25
100.99
86.95
29.97
268.18
206.36
108.99
53.99
47.5
54.86
40.48
95
79.99
247
31.75
103.34
89
179
119
84
174.95
74.19
68.8
52.99
197
229
178.95
39.88
99
139.95
59.99
179.99
64
63
58
110.25
111.59
159.99
99.99
54.86
65.95
57
60
70.93
54.98
64
39.88
39.88
44.94
99.99
62.95
56.99
42.97
68.76
54.95
64.38
49.88
49.88
59.94
100
69
39.97
60.45
45.68
39.99
33
29.87
32.98
147.2
28.99
66.52
96
69
39.99
58
118.99
56.82
34.88
69.11
28.5
29.98
40.95
124.99
100
52.99
59.95
41.68
42.95
109
48.97
20.98
29.98
174.95
197
168
37.97
119
159.99
111.11
39.98
null
99
79
59.95
35.5
59.95
258
269
229.99
64.15
219.98
269.99
79.93
139.98
228
119.99
109.99
119.99
92
98.18
70.82
77.99
62.74
157.93
84.99
118
215.85
213.94
124.54
139.98
81.4
47.99
299
199
275
179.99
189.99
129.97
129.95
139.99
139.99
189.95
229
139.99
229.58
99.99
121.35
61.66
76.99
159.99
179.99
130.45
68
103.99
89.99
99.99
112.05
74.26
66.66
167.32
198
null
89.99
179.99
159.6
135.47
99.99
99.99
199.41
142.07
258.18
180.32
129.99
119.98
279
99.99
87.99
135
148.49
139
199.99
99.99
199.99
119.99
109.99
119.99
144.47
139.99
null
99.99
179.99
169.99
79.99
89.99
133.98
63.48
79.95
93.22
91.99
85.67
159.99
191.88
161.36
177.76
79.99
88.64
91.66
179
119.95
121.4
120.28
179
209
99
70
194.97
96.99
75.99
63.14
80.06
235.86
129
124.99
68.24
null
133.2
149.99
67.77
119.91
20.37
170
107
81
92.99
143.99
149.99
206.09
null
109.99
52.98
54.72
null
90.2
172.05
193.72
99.99
163.99
82.28
219
240
107
49.99
116
74.99
66.8
91.74
119.99
94.98
61.78
65.56
54.98
149.99
119.99
91.74
169.99
299.99
269
215.99
267
null
90.96
39.99
67.84
141.23
89.98
128.93
199.99
null
97
89.87
55
173.94
259.99
154.49
149
139
61.95
74.19
89
159
104.99
137
126.55
65.99
274
120
null
null
119.95
109.99
null
57.98
329
229.99
null
43.5
108.99
104.99
129.99
69.92
56.7
119.97
142.29
54.22
59.99
72.41
305
319.99
449
451
297
109.99
269.99
249
169.99
267.99
372.48
162.99
162.99
169.99
118.88
349
null
null
null
248.99
44.98
299
38.99
null
55.99
49.99
47.99
169.99
134.87
267
null
199.99
44.48
231.16
null
245.98
285.99
null
119.99
null
139.99
149.96
185.99
42.48
191.99
163.55
197
95.64
109.99
209.95
49.88
172.71
148
114.99
197
88.64
285.75
199.99
500
null
199
null
457.39
174.19
67.98
66.8
79.99
199
79.98
89.55
128.99
129.99
249.99
179.99
80.1
108.99
125
211.21
186.88
124.99
91.99
121.62
149
273.32
159.99
299.95
247.59
199.99
289.99
201.17
220.35
252.44
169.99
269.99
175.99
99.99
129.99
178.91
139.99
289
242.33
134.99
174.01
159
129
102.58
99.99
69
98.99
89.87
119
116.99
179.99
89.45
111.66
134.96
59.99
164.95
169.99
136.88
94.98
139
128.21
111.01
95
96.22
419
297
184
299.98
247
189
null
139.99
94.99
121.99
159.99
109.99
66.8
68.99
99.99
158
133.49
149.99
108.76
193.49
150.24
170
72.99
164.58
155.84
118.99
79.93
99.99
155.99
150.99
149.99
130
147.99
169.99
204.84
139.99
135
97
7.46
187.39
87.99
59.98
148.99
139.99
59.99
119.43
170.03
129.74
181.21
null
21.78
19.48
5.88
55
56
29.99
51.58
159
382.26
328.07
null
68.99
271.99
172.59
249.95
164.99
249.99
312.15
179.99
129.99
109.95
59.99
99.19
227
92.99
139
199.99
62.45
79.98
97.49
85.99
null
35.99
null
87.64
45
null
85.99
null
102.99
null
17.62
56.47
64.85
58.98
56.99
null
99.99
null
53.98
153.19
null
139.95
null
82.99
null
50
103.36
99.99
159.99
72.99
50.09
37.99
53.99
53.99
29.99
null
38.81
null
null
29.99
null
49.99
59.99
2.76
15.99
13
null
19.97
null
null
84.99
52.99
34.99
42.87
null
4.04
22
29.86
28.99
67.32
10.98
26.88
16
26.48
64.99
48.98
46.88
42.88
71.99
55.98
55.99
64.48
89.99
42.99
29.99
32.97
null
129.99
67.78
39.97
99.99
null
70.99
272.99
null
81.32
179.99
72.99
146.16
43.5
48.68
63.09
21.32
39.51
43.3
null
58.41
86.3
66.04
59.99
37.76
35.19
42.2
28.99
31.64
null
39.15
19.99
null
89.99
14.98
21.59
5.97
269.98
269.98
57.98
68.23
93.11
89.99
113.99
179.99
79.99
null
77.45
7.5
43.86
26.52
44
38.99
57.99
47.58
51.32
74.99
201.99
197
449
189.99
44.98
8.49
9.94
43.48
55.48
null
53.99
39.99
191.6
89
107
159.99
3.94
139.95
279
null
159.99
47.99
66.99
64.01
1.98
9.94
9.97
10.48
129.99
69.99
49.99
9.49
9.94
53.99
76.99
49.38
55
56.47
199.99
164.99
null
75.98
47.99
135
69.99
85.99
8.98
138.99
109.99
36.99
40.15
85.99
139.99
74.99
42.48
47.99
229
309.52
281.46
null
109.99
99.99
null
38.76
null
148.26
47.99
8.43
72.99
305
null
199.65
null
150.53
47.99
124.99
43.28
64.85
7.88
9.99
58.88
41.48
99
59.99
44.98
165
59.8
349
119.99
179.99
239.99
177.09
null
null
56.98
56.98
68.99
229.99
296.99
215.17
12.98
139.99
null
87.64
57.98
null
139
77.99
184.37
49.99
44.98
254.29
297
109.99
16.95
1.54
null
59.98
52.99
117.91
283.2
199.05
285.13
162.99
230.68
189.99
84.38
52.95
43.5
93.14
62.99
159.95
303.99
139
249.99
56.38
139.99
null
140
54
56
49.74
50.42
null
65
56
179.99
189
99.99
163.99
55.98
160.63
88.88
99.99
29.46
249.99
312.15
179.99
124.12
97.99
95.99
34.97
70
39
68.33
64.89
226.59
299.98
99.74
null
55.99
57.99
56.98
42.88
43.5
36.99
53.75
26.67
199.95
72.99
109
60.29
38.87
39.97
51.36
26.67
null
109.99
104.98
41.93
62.28
150.23
162.98
139
70
29.99
54.99
289.99
129.3
309
247
359.95
48.99
159
77.99
211.24
59.99
28.95
44.98
299.99
199.65
41.19
60.99
289.99
471.4
152.58
193.17
109
89.87
83.3
9.94
9.94
null
59.77
44.5
74.99
10
26.71
8.46
24.99
31.99
35.99
36.99
45.98
136.95
144.11
34.99
297
54.49
67.98
154.98
139
51.29
215.1
109.27
48
79.5
29.99
44.48
43.3
38.68
40.98
64.85
65
69.99
74.65
117.99
null
null
41.5
46.99
64.99
38.97
49.59
null
148
154.99
45.79
45.99
186.37
58
50.09
41.99
184
70.95
149
37.86
null
119.99
72.99
197
42.99
49.97
99.99
68
353.29
88.99
51.99
363.99
258.86
297
245.98
54.99
57.98
74.5
267
4.46
57.15
49.99
267
77.99
77.99
null
219.99
66.99
96.5
179
34.88
47.99
42.99
40.88
44.88
8.71
213.98
28.65
159.99
40.15
211.99
54.99
77.99
43.86
197
27.99
7.4
9.82
9.89
42.98
24.99
51.31
66.87
11.9
7.97
8.66
299
38.99
45.38
11.97
189.99
39
73.48
178
272.5
27.99
249.99
43.86
224.95
69.98
8.99
59.99
149.99
44.88
136.99
49.98
null
null
88
224
279.99
44.97
299.99
269
37.5
199.95
309.99
203.98
329
64.85
471.4
63.87
56.99
49.99
34.99
96.92
219.98
399
169.98
116.33
139.99
171.96
175.99
123
121.35
null
13.33
7.75
49.99
39.74
29.99
214.99
209.99
194.99
148
119.75
159.75
199.95
129.97
166
134.99
108.24
84.99
64.99
279.99
55.99
109.11
11.49
18.5
16.47
9.99
3.84
4.46
13.96
7.99
39.98
69
29.95
56.28
26.99
389.95
167.89
89.96
289.95
249
229
249.98
179.95
null
119.96
199
283.2
99.98
109.27
159.99
219.99
99.99
99.97
48.4
149
null
72.99
177.28
249.99
null
46.88
69
157.49
268.99
208.99
139.31
139.99
39.88
199.95
169.99
139.99
118.88
189.99
68
156.83
269
179.99
184.37
243.99
109
99.99
109.99
129.99
94.99
106.99
41.99
37.99
201.94
39.99
45.99
250
167.12
339.99
87.95
34.98
null
34.95
29.98
168.45
363.99
39.99
23.99
129.95
134.99
124.98
293.98
305
231.99
59.99
42.48
162.48
215.17
129.95
29.99
199.95
129.99
null
2.24
6.88
6.98
6.98
4.27
289.99
58.58
23.5
38.99
158.16
54.77
39.99
29.78
79.95
69.99
168.9
122.99
269.95
171.71
60.13
29.99
29.78
169.98
149.99
218.58
26.67
375.99
56.98
379
29.99
44.49
159.99
37.99
29.78
84.95
97.01
19.99
142.29
189.95
193.26
159.99
38.59
32.99
43.55
116.73
218.04
68.23
36.99
44.97
139.91
169.95
179
89
124.99
58.88
125.99
23.99
23.99
null
9.76
6.5
6.75
7.98
9.99
10
16.6
3.94
13.1
17.5
11.98
14.55
22.98
12.97
26.33
11.03
3.48
15.75
5.92
13.16
12.44
13.24
10.92
29.37
9.66
9.97
32.8
19.72
268.18
11.29
4.27
11.11
21.37
6.88
87
105.99
109
79.99
119.99
158.9
238.86
297
74.99
79.99
69.95
68.99
35.98
180.54
44.98
46.88
138.99
208
57.98
229
65.59
102.4
135.99
90
33.23
57.99
279
45.99
99
82.98
48.4
59.98
64.81
89.95
290
249.37
165
39.98
274
329
250.99
73.99
56.23
71.88
303.99
359.95
295.15
49.88
256
51.5
55
56.48
59.39
34.99
43.88
279.99
248
34.08
322.73
159.99
45.97
56
44.88
44.98
89.99
null
null
249
95.83
148.26
172.59
164.99
94.99
94.99
92.99
34.03
94.96
249
60.88
47.99
242.99
154
6.88
159.99
47.4
46
74.99
51.99
55.44
13.41
16.98
394.9
49.99
59.99
52.4
49.87
49.49
39.49
8.64
5.97
58.88
3.56
117.99
119.99
185.39
44.99
74.99
44
69
69.99
219.19
89.95
74.95
62.39
69.99
193
224
199.99
249.99
219.98
219.99
197
284.99
219.2
79.5
54.86
139.99
104.99
189.95
315
149
227
null
399
243.22
276.91
523.52
261.99
214.99
102.99
49.95
46.78
114.99
49.99
39.99
94.99
286.68
44.98
55.99
55
49.98
49.99
43.28
48
42.88
41.93
55
59.99
36.99
56.99
99
42.48
49.98
39.99
53.94
35.97
49.89
37.98
56.99
39.4
49.88
44.98
55.99
55
49.98
49.99
43.28
48
42.88
41.93
55
59.99
36.99
56.99
99
42.48
49.98
39.99
53.94
35.97
49.89
37.98
56.99
39.4
49.88
279
149
127
164.99
119.98
105.99
179
199.93
247
23.72
258.44
121.5
239
160.3
146
279
29.97
179
197
182
269
247
29.07
54
54
69.99
65.99
69.98
75
214
49.98
120
29.97
299.99
34.88
69.99
80.49
null
79.32
27.87
36.98
297
43.86
139
149
149.99
220.89
55.59
109
179
247
25.98
173.66
44.45
22.44
49.88
179.99
154.95
56
184
135.76
49.98
34.95
26.29
42.95
51.5
99.99
149.42
129.99
197
229
259
188
209.99
149
74.14
197
197
115
22.98
108
229
267
198
121.35
47.99
68.73
150.65
187.86
161.99
62.28
139.99
117.99
119.99
56.99
65
119.99
130
125
112.93
57.99
125.99
106.44
141.99
52.99
106.99
67.98
129.99
105.99
98.25
79.95
87.47
98.25
44.98
54.86
135
48
64.37
49.94
99.95
109
102.32
44.97
15.84
33.85
99
26.99
79
30.26
26.98
30
114
23.37
57.99
34.98
49.98
49.97
39.88
119.99
158
65
19.97
19.47
6.97
10.97
99
44.97
23.73
19.97
14.97
29.85
26.67
56
38.74
67.88
59
15.46
20.98
22.17
15.95
55
35.65
25
29.88
44.96
58
12.98
25
30.99
43.28
42.98
47.1
39.25
63.48
35.92
44.98
47.29
58
75
41.93
38.97
34.18
44.98
null
null
71.66
76.99
59.99
49.88
389.99
15.46
25
13
11.97
27.48
26.99
17.95
248
19.97
20.99
106.99
6.97
9.6
149.95
161.99
242.99
229.99
389.95
199.95
58.99
44.48
60.47
24.99
127
13.99
49.95
30
14.85
13.47
20.95
32.99
16.98
17.99
199.95
139.95
46.99
156.99
null
18.99
16.99
12.5
24.08
58.98
13.69
16.98
20.99
144.52
199.65
27.49
193.26
169.99
179.99
28.74
230
21.88
28.99
42.48
39.99
69.99
328.99
60.45
112
55.59
38.97
109.95
169.99
90.73
42.97
35.61
40.86
34.99
60
119.99
99.99
105.99
69.99
299
58.88
174
38.79
34.96
49.88
49.88
80
199.95
99.99
80.49
38.65
148.99
229
49.99
50.66
71.99
104.98
7.27
117.99
39.99
32.05
58
69.99
32.99
49.99
109.95
141.81
147.99
289.95
159.94
129.99
79.99
109.99
50.87
34.95
30.98
56.48
40.88
32.88
45.98
49.47
109.99
89.99
79.32
87
46.48
297
168
4.97
2.48
29.99
42.48
103.92
119.99
102.66
129.75
24.88
130.22
18.79
14.98
10.08
9.48
56
44.45
259.99
220.89
335
76.99
42.22
40.44
139
42.99
71.65
60.13
44.98
62.28
74.99
90.91
99
46.99
129
99
168.66
124.88
98
148
158.16
86.99
135.76
29.99
92.36
189
198
105
197
143.99
74.99
25.99
56
28.2
27.62
13.49
6.71
269
265.99
84.99
100.23
279.95
21.82
83.48
178
299.95
62.99
59
214.99
109.99
199
99.99
185.39
199.98
193.72
209.99
148
31.99
188
69.99
69.87
164.87
149
46
149.99
339.99
77.99
48
167.46
116.99
198.99
149.9
246.99
28.99
58.25
109.98
119.99
179
247
69.99
297
36.98
49.97
40.99
98.99
189.99
259.99
199.99
159
39.88
89.99
79.99
84.99
96.39
79
119
189
209.97
41.23
56.99
269
339.99
217.55
171.99
92.99
95.98
86
79.98
289
102.32
189.99
134.59
130.69
64.99
69
100.99
185.32
124
90
28.94
52.48
2.97
49
65
26.98
99.99
65.98
77.99
249.99
129.48
26.67
18.38
36.99
107
105.99
186.99
274
290
58
47.98
54.09
7.88
9.96
9.88
10.97
76.99
6.97
269
124.48
267
115.99
129.99
3.97
5.88
135.98
42.22
53.98
129
59
89.48
241.37
297
55.96
69.98
227
209.99
205.99
5.48
119.99
109.99
119.99
109.99
269
139.99
157.99
139.99
199.99
105.99
6.94
219.99
62.99
69.98
328.99
115.99
129
54
218
49.99
24.98
125.99
99
436.99
229.99
267.99
131.48
8.94
6.98
31.96
87.5
129.99
109.99
6.97
null
169.98
189
75
297
107.95
234.85
169.99
115.99
179
189.99
219
4.74
6.98
19.97
236.52
20.82
16.97
6.94
6.97
10.97
7.48
3.94
6.98
5.98
1.12
5.98
12.47
119.99
109.99
58
249.99
55
204.99
250.99
269.99
165.99
259.99
159
159
189.99
140.71
199.99
197
29.97
29.97
249.99
207.99
148
149
234.94
299
29.95
29.97
315
229.99
297
179
43.86
27.87
49.97
43.86
297
179
25.98
22.98
219.99
313
249
239.98
275
239.98
159
149
269.59
269
299
197
199.99
179
39.97
165.99
259.99
159
159
189.99
140.71
199.99
197
29.97
29.97
249.99
207.99
148
149
234.94
299
29.95
29.97
315
229.99
297
179
43.86
27.87
49.97
43.86
297
179
25.98
22.98
219.99
313
249
239.98
275
239.98
159
149
269.59
269
299
197
199.99
179
39.97
37.92
38.97
52.98
28.5
49.97
44.94
39
59.99
35
39.88
34.96
259
159
138.32
139
139
219
120
228.45
54.84
76.49
42.97
30.78
179
139
119.41
299
298
255
258
139
129
99.98
294
227
148
124
274
54.84
297
149
279
175
227
96
120
118
359
349
230
197
299
229
229
189
214
78
94
89
197
297
49.97
49.97
79
49.28
30.97
109.99
38.74
67
69
49.98
46.98
49.92
110
56
29.64
34.97
69.6
56
97
89.99
39.96
44.97
79
19.56
48.88
49.88
69
104.99
19.88
39.98
24.98
41.98
89
69
32.96
49.97
1014.99
67.01
36.29
49
59.94
56
