9
12
12
12
12
99
10
12
99
0
12
12
99
99
12
12
12
12
12
99
99
12
99
12
67
12
0
0
22
12
12
10
99
12
12
12
12
12
17
12
12
12
12
12
12
12
12
0
12
99
12
12
12
0
99
99
10
12
12
12
12
12
12
12
12
12
12
12
12
12
99
0
0
99
12
12
12
12
99
12
0
99
99
12
27
12
6
99
12
12
12
99
99
100
0
12
12
99
99
12
12
12
0
38
99
12
99
12
12
35
12
12
99
12
12
12
12
12
12
99
12
12
0
12
12
12
10
100
99
12
12
12
99
9
12
12
12
12
12
99
12
12
12
12
99
12
72
12
12
43
12
12
99
99
12
12
89
12
0
99
99
12
99
12
12
12
12
12
12
0
0
0
12
12
12
99
99
99
12
12
12
12
12
99
0
12
12
99
99
12
99
99
0
0
99
12
99
12
99
12
99
12
12
99
12
12
10
0
87
99
12
12
99
0
12
12
0
99
12
12
12
12
12
12
12
12
12
12
12
12
10
12
12
12
12
12
12
12
10
12
12
12
12
12
12
12
12
12
0
99
99
12
12
12
12
12
99
99
99
0
12
12
12
12
12
12
12
12
12
12
12
12
12
12
12
12
12
12
12
12
12
0
99
0
99
99
99
12
12
12
4
12
12
12
12
12
12
99
99
12
12
0
89
12
12
12
12
12
99
99
12
12
18
12
12
99
99
99
0
10
0
10
2
12
0
12
19
12
7
12
12
12
2
12
0
12
0
99
12
0
4
12
0
0
12
99
99
99
99
72
99
12
50
12
0
12
0
12
12
10
99
99
12
99
42
44
99
9
0
99
12
10
1
99
12
0
12
99
10
99
12
99
12
12
0
12
10
12
12
72
99
12
12
9
12
55
50
99
12
12
99
12
12
0
99
0
12
12
12
41
12
12
12
12
12
12
12
12
0
12
12
12
0
0
99
12
12
12
99
0
12
12
12
0
7
12
12
12
0
0
12
12
12
12
12
0
99
12
12
12
99
12
99
99
12
99
10
12
99
2
12
12
99
12
12
3
12
12
0
99
99
99
99
99
99
8
87
0
0
99
0
12
12
99
99
99
99
12
12
12
12
12
99
12
12
12
12
12
12
12
0
0
2
2
12
8
12
9
2
2
15
9
12
2
2
2
12
2
2
4
12
12
0
12
12
12
12
8
12
8
0
12
12
12
12
12
12
12
12
12
12
12
12
0
12
12
9
12
89
12
0
12
12
12
12
12
12
12
99
2
99
25
4
99
12
0
12
12
12
12
12
12
0
12
12
12
12
12
99
12
12
12
12
12
12
12
12
0
12
1
0
12
1
12
12
99
99
99
12
99
3
0
0
12
31
14
99
12
0
99
0
12
12
0
12
12
12
12
12
12
12
12
99
12
12
99
12
12
99
12
63
99
12
99
0
12
12
12
12
12
99
12
12
99
0
12
12
99
99
12
99
12
12
99
10
1
12
12
12
99
99
12
99
12
12
0
12
12
12
99
12
12
12
10
99
99
12
12
12
99
2
12
99
12
12
99
11
12
12
0
99
12
0
12
12
12
99
12
12
99
0
12
12
12
12
12
12
12
12
74
12
12
12
12
99
12
12
12
0
99
12
12
0
0
99
0
12
12
10
12
1
12
10
12
12
99
12
12
0
0
12
99
12
12
12
10
12
99
12
10
12
0
12
99
12
12
12
12
12
12
99
99
10
10
0
12
12
12
12
12
0
12
12
12
99
12
27
99
0
12
12
12
43
99
99
49
99
12
99
10
12
99
12
72
0
12
12
12
99
12
12
12
99
12
99
12
12
12
99
99
10
12
0
99
12
12
0
12
12
12
99
12
27
99
0
12
12
12
43
99
99
49
99
12
99
10
12
99
12
72
0
12
12
12
99
12
12
12
99
12
99
12
12
12
99
99
10
12
0
99
12
12
99
100
100
99
9
12
12
99
99
40
12
29
12
0
99
12
10
99
12
12
12
12
1
5
12
0
45
1
12
12
99
12
12
12
12
12
12
99
22
12
12
10
0
7
99
22
12
12
100
99
99
12
0
99
12
99
2
100
99
9
99
99
12
12
12
12
8
12
12
100
12
99
0
99
0
12
100
12
1
12
12
0
10
12
100
12
1
12
12
100
7
12
12
10
12
12
2
99
0
12
12
12
0
12
10
12
0
12
12
99
12
12
12
12
49
12
10
99
7
12
12
11
12
12
12
10
12
12
99
99
12
99
99
12
12
99
12
12
99
12
12
10
99
12
99
99
10
71
12
12
12
12
12
12
12
99
12
12
12
12
1
12
12
12
12
12
2
12
99
12
12
99
99
12
12
12
12
99
12
0
12
99
12
9
12
12
12
62
99
12
99
10
99
12
12
99
12
12
12
12
12
99
99
27
12
12
12
12
12
0
12
12
12
12
12
99
99
12
12
99
4
99
12
12
12
10
12
12
12
12
12
12
0
12
12
12
12
99
99
99
12
99
99
12
12
12
12
12
99
43
99
99
99
99
99
99
12
99
12
12
99
99
12
12
12
12
99
12
0
12
99
12
9
12
12
12
62
99
12
99
10
99
12
12
99
12
12
12
12
12
99
99
27
12
12
12
12
12
0
12
12
12
12
12
99
99
12
12
99
4
99
12
12
12
10
12
12
12
12
12
12
0
12
12
12
12
99
99
99
12
99
99
12
12
12
12
12
99
43
99
99
99
99
99
99
