99.99
179.99
72.99
88
159.99
149.99
109.99
109.99
124.95
165.99
157
149.99
136.99
102.99
112.99
129.99
124
158
109.99
79.99
83.83
138
79.99
89.99
89.09
169.99
159.95
129.99
112.99
159.99
119.99
109.99
89.88
84.98
84.11
124
108.99
6.99
138
85.99
84.98
78.99
79.95
158
124
134.59
119.84
119.48
64.77
75.98
116
38.99
124.99
124
124
109.99
75.98
124.98
148
132
null
79.99
65.99
74.99
79.98
129.99
118
42.99
44.94
84.99
139.99
128.88
126
49.99
37.98
82.99
154
145
64.48
69.88
49.99
77
59.99
99.99
104.99
61.99
64.98
57.99
69
67.99
84
99.99
104.99
79.99
55
69.99
59.98
65.06
82.99
85.99
72.99
103.57
84.99
44.98
40.99
55.99
84
84.95
108
81.99
46.99
105.29
99.99
80
125.13
167.5
69.99
49.89
52.99
30.99
142
null
118
35.95
132
209.99
119.99
84.48
76.86
102.32
83.6
null
199.99
68.73
62.98
56.96
64.98
117
107
107
205.99
61.5
215
58.98
89.99
104
64.85
67.98
67.97
38.97
157
47.99
74
39.97
99.99
144.99
197
158
175.09
69
57.95
104.99
37.99
60.47
46.98
49.99
44.49
41.99
41.48
79
89
79
19.99
16.99
56.48
49.99
32.99
69.95
null
59.99
39.99
49.99
49.99
549
159.96
229.99
189.95
169.99
185.99
259.99
219.99
68
104.22
75.99
93.99
135.95
97.29
82.99
125.84
97
59.95
71.99
39.99
79
99.99
72.1
79.98
44.24
55
72.45
61.88
67.98
52.12
62.99
71.99
58.88
64.85
69
41.48
62.99
67.98
49.38
46.88
33.25
47.99
49.48
54
52.96
57.99
65.06
43.85
54.08
61.99
72.6
66.06
60.2
56.9
48.84
44.52
52.86
59.99
54.98
44.48
64.48
61.99
57.2
64.57
53.99
62.05
55
54
50.99
47.99
39.99
49.98
52.3
52
29.98
54.99
32.99
36.24
64.48
52.99
57.05
58.64
49.99
36.99
49.95
56.99
55.99
44.48
55.48
49.99
55.04
61.5
55.5
62.44
42.32
41.58
43.68
49.92
49.98
49.98
39.98
49.98
56
49.98
44.68
41.48
41.46
50.1
54.98
37.38
55.02
72.84
60.16
32.99
65
68
59.98
69.99
74.96
52.99
59.96
37.5
48.48
33.38
599
250.99
329
209.99
215
242.95
179.95
199.95
169
198.27
159
259.99
179
155.99
155.99
162.99
99.99
139.95
150.23
128.57
99.99
149.95
137.11
78.28
149.99
130.89
109.99
124.95
124.99
null
147
129.99
139.99
229.99
139.99
105.47
129.99
139.99
149
148.67
154.95
103.57
108
54
145.18
85.99
115.38
89
93.21
159
99.95
111.39
106.99
99
89.82
90.99
69
81.99
35
79
143
125.95
54.38
86
106.99
96.99
109
107.78
66.99
62.28
103.57
124
106.32
48.32
99
149
95
84.42
97.99
79.96
99.99
99.99
108
84
139.99
85
69
89.99
99.88
69.99
99
119.99
94.66
89
102.32
59.99
99
64
69.83
79.99
69.99
109.99
123.72
110
101
94.99
99.99
74.5
57.99
96
79.5
99.99
55
103
89.99
59.99
44.24
44.97
44.48
52.99
59.99
52.12
null
55.48
49.99
66.99
62.84
63.99
49.95
49.99
95
null
null
50.82
55.02
55.5
57.2
49.99
null
52
49.99
59.98
32.99
44.97
49.47
34.88
57
55
79
58.65
48.98
39.99
49
48
50.49
44.98
44.99
64.95
49.46
49.99
54.6
51.98
44.98
58
69
69
39.97
56
42.48
55
54.95
61
49.98
59.99
59.99
52.84
44.96
49.98
44.96
49.98
49.99
39.99
48.29
38.99
49.95
54.99
48.84
52.99
44.88
42.88
47.99
46.48
56.99
49.99
49.99
47.94
49.98
48.9
48.75
48.97
43.94
51.99
41.18
41.39
42.99
43.5
48.97
39.99
54.86
39.99
38.38
39.88
51.99
45.99
49.98
58.5
49.99
39.98
38.99
42.99
43.89
40.99
45.99
45.6
49.99
42.48
57.85
55.37
49.98
39.99
49.98
49.98
53.99
62.99
41.48
39.99
null
44.98
46.49
43.9
46.07
52.99
38.99
null
49.99
49.99
48.99
52.99
56.99
49.51
30.99
42.95
35.98
51.5
44.97
55.94
44.98
57.99
49.99
59
49.99
99.01
72.99
74.99
89.99
148.48
139.99
69.99
99.99
110
52.99
61
49.89
60.88
59.99
107.97
89.99
92.99
95.97
116
65
49.99
65.98
84.11
84.04
111.32
99.99
84.98
155.28
103.57
197
119.99
168
124.83
158
149
179
189.99
148
73
90.99
59.99
41.22
88.88
69.98
68.25
66
79.15
71.98
85.99
78.99
103.99
57.88
49.99
69.99
68
79.99
84.99
147
126.99
149.99
158
84.95
128.27
164
135.95
124
130
59.98
56.99
56.48
92.95
149
159
103
48.98
98
89.99
82.98
84
119
144
122
124
52.99
44.48
55
65.99
108
67.97
67.98
90.22
107
119
134.99
122
175.99
199.99
179.99
49.99
59.99
62.99
79
62.28
119.99
99.99
89
124
124
48.48
48.99
44.98
44.98
58
47.99
99
59.99
53.99
116.16
149.99
79.99
48.98
null
64
69.99
169.53
149
146.99
109.99
157
30.99
149.99
54.38
59
53.99
109.99
99.95
49.99
42.99
129.99
99.99
138.8
168.95
148
65.99
61.99
109.99
98
99.99
129.99
109.99
139.99
109.99
139.99
67.25
45.6
135
108
139.99
99.99
62.99
54.99
99.99
119.95
109.99
92.5
62.76
59.99
109
93.21
119.27
99.99
126.55
53.99
79
85.99
159.99
95.99
106.99
38.99
99
109.99
111.17
99.99
169
102.32
52
41.48
97
99.99
139.99
139.98
119.99
138
124
130.09
79.98
49.99
44.49
46.48
49.47
139.99
139.99
101.93
139.99
114.99
105.47
84
95
103.99
179.99
84.98
61.88
84.99
97.12
105.29
108
109
99.99
84
64
108
92.5
129.99
103.57
109.99
108
null
111.99
109.28
104.98
72.45
33.38
59.98
77.99
49.15
44.48
99
71.99
67.98
72.1
79
79
106.99
49.38
75.98
59.95
139.99
139.99
101.93
139.99
114.99
105.47
84
95
103.99
179.99
84.98
61.88
84.99
97.12
105.29
108
109
99.99
84
64
108
92.5
129.99
103.57
109.99
108
null
111.99
109.28
104.98
72.45
33.38
59.98
77.99
49.15
44.48
99
71.99
67.98
72.1
79
79
106.99
49.38
75.98
59.95
79.95
134.99
139
109.95
96.79
87
106.99
109
139.99
52
99
109.99
109.99
115.99
102.32
99
100.15
102.66
79.99
115.99
124
128.99
98
59.99
99.99
89.99
99.99
105.99
150.66
95.99
79.95
100.99
99.98
89.99
114.3
96.89
89.99
72.99
76.99
95
71.99
84.15
125
158.16
84.99
84.98
120.64
43.67
57.99
84.04
88
89.99
98.99
64
66.22
75.98
191.92
69.99
90.99
88.99
50
81.72
99.99
84.99
89.99
89
73
75.99
83.48
114.48
97.15
95.99
99.99
96.25
79.98
84.99
49.99
49.97
49.76
119.99
69.87
89.23
79.23
59.99
89.99
74.99
52.98
79
109
53.99
74.06
95.39
99.99
106.32
75.98
109.99
73.68
199.99
169.99
175.99
99.99
129.99
149.99
149
61
54.21
69.99
99.01
72.99
108
89.99
68.29
75.84
60.88
69.9
69.9
