119.84
121.48
67
75.98
116
38.99
129.99
124
124
83.83
139.99
75.98
124.98
148
139.46
119.98
79.99
65.99
74.99
79.98
129.99
118
48.99
49.47
77.59
139.99
128.88
126
59.99
37.98
82.99
154
145
64.48
69.88
59.99
77
62.99
105.99
104.99
61.99
66.98
57.99
69
67.99
84
99.99
104.99
79.99
55
69.99
59.99
65.24
82.99
85.99
72.99
129
84.99
44.98
45.99
65.99
93
85.99
108
81.99
55.99
105.29
99.99
79.99
126.23
167.5
75.99
52.99
53.99
30.99
142
119.98
118
35.95
113.03
205.99
129.99
84.48
75.99
102.32
88
null
199.99
68.73
62.98
58.99
64.98
119
107
107
215.99
61.5
229.99
69.98
89.99
104
64.85
67.98
67.97
38.97
157
47.99
74
18.97
99.99
144.99
197
158
158
175.09
69
57.95
104.99
39.99
134.59
60.47
46.98
49.99
44.49
41.99
41.48
79
89
79
24.99
16.99
56.48
49.99
32.99
69.95
54.99
53.59
39.99
49.99
49.99
549
159.96
209.99
199.95
169.99
185.99
185.99
219.99
68
105.44
75.99
98.99
135.95
97.29
82.99
125.84
97
195.51
121.49
96
120
127
145
229
118
148
148
148
154
159
172.71
158
226.05
194
148
157
159
197
227
229.99
205.99
238.86
267
250.99
279
329
44.98
58.64
46.88
49.38
44.48
49.99
42.48
49.98
49.98
56
56
44.96
38.97
33.38
59.95
68.99
46.99
79
99.99
72.1
83.99
44.24
49.88
72.45
61.88
67.98
66.74
62.99
75.99
58.88
64.85
69
42.48
62.99
67.98
49.38
46.88
33.21
47.99
51.48
54
52.96
57.99
65.24
43.85
54.08
61.99
72.6
79.54
60.13
56.9
48.84
49
52.86
59.99
49.98
44.48
64.48
61.99
57.2
71.86
53.99
54.88
55
49.47
50.99
47.99
39.99
54.44
52.37
52
34.18
54.99
32.99
49.99
64.48
52.99
58.14
58.64
49.99
39.98
49.95
53.99
55.99
44.48
55.48
49.99
55.04
61.5
55.5
62.44
42.32
41.58
43.68
49.92
49.98
49.98
39.98
49.98
56
56
44.68
41.48
41.46
50.1
54.98
37.38
55.02
72.84
60.16
32.99
65
68
59.99
69.99
49.9
53.99
59.96
37.5
49.48
33.38
599
250.99
329
205.99
229.99
229.99
179.95
199.95
169
198.25
159
451.16
175
159.99
155.99
162.99
99.99
139.95
184.38
128.69
99.99
149.95
136.95
97.85
118.49
118.99
109.99
124.95
124.99
null
147
135.99
139.99
229.99
149.99
131.84
129.99
149.99
149
129
154.95
129
108
54
143.92
86.99
102.99
89
90.92
83.06
99.95
111.39
106.99
99
89.82
90.99
69
77.99
44
79
144.44
125.95
54.38
86
106.99
116.99
109
107.78
66.99
62.28
129
124
106.32
48.32
99
149
110
69.95
82.99
78.93
109.99
99.99
108
84
129.99
85
59.95
89.99
99.88
59.95
94.95
119.99
99.99
89
102.32
59.99
99
64
69.8
97.99
79.99
109.99
195.51
120
101
94.99
99.99
74.5
58.99
96
79.5
99.99
55
103
89.99
59.99
44.24
48
44.48
55.99
62.99
66.74
null
55.48
56.99
72.99
62.84
61.99
49.95
56.99
92.74
null
null
50.82
55.02
55.5
57.2
56.99
null
52
49.99
59.98
32.99
44.97
49.47
39.88
57
55
79
58.65
48.98
42.15
49
48
48.69
44.98
79.99
64.95
54.39
54.86
54.6
51.98
44.98
58
69
69
18.97
56
42.48
49.88
54.95
60.97
49.98
59.99
59.99
53.57
44.96
56
44.96
49.98
49.99
43.99
48.29
45.99
49.95
54.99
48.84
52.99
44.88
42.88
47.99
46.48
53.99
49.99
49.99
46.71
54.04
47.46
45.99
48.97
45.9
51.98
41.18
41.39
42.99
44.99
48.97
49.94
39.99
49.9
49.99
39.88
52.38
45.99
51.99
58.5
49.99
42.56
38.99
41.99
43.89
40.99
45.99
47.1
55.99
42.48
58.1
54.98
49.98
39.99
49.98
49.98
53.99
57.99
42.48
39.99
null
44.98
46.07
44
46.07
53.99
38.99
null
49.99
53.6
49.99
52.99
56.99
49.51
30.99
42.95
35.98
51.5
44.97
55.94
44.98
59.99
49.99
69.99
49.99
99.01
72.99
74.99
89.99
169.99
149.99
59.99
99.99
120
50.99
61
52.99
60.88
59.99
57.9
89.99
92.99
119.97
116
59.99
49.99
65.98
108.98
72.1
99
105.99
84.98
155.28
129
197
119.99
168
119
158
149
179
189.99
148
73
90.99
65.99
49
88.88
69.98
68.25
66
74.99
72.98
85.99
84.99
103.99
59.99
49.99
69.99
68
79.99
84.99
147
129.99
169.99
188
85.99
128.27
164
135.95
124
130
59.99
56.99
56.48
92.95
149
159
103
48.98
98
89.99
91.98
79.98
119
144
122
124
52.99
44.48
55
65.99
108
67.97
67.98
90.22
107
119
134.99
122
175.99
125
179.99
54.99
59.99
62.99
79
62.28
109.99
129.99
89
124
124
49.48
49.99
44.98
44.98
58
47.99
89
59.99
53.99
113.63
149.99
79.99
48.98
null
64
69.99
169.53
149
146.99
109.99
157
30.99
149.99
54.38
59
55.99
109.99
99.95
49.99
41.99
129.99
99.99
138.8
149
148
65.99
61.99
109.99
98
99.99
116.9
119.99
176.97
109.99
149.99
67.25
47.1
109.99
108
139.99
99.99
62.99
54.99
99.99
119.95
109.99
92.5
62.76
69.99
109
90.92
116.34
99.99
126.55
53.99
79
85.99
159.99
95.99
106.99
38.99
99
109.99
111.17
99.99
169
102.32
52
42.48
97
99.99
139.99
139.74
119.99
138
124
130.09
83.99
49.99
44.49
46.48
49.47
149.99
149.99
101.93
139.99
114.99
113.24
84
106.08
103.99
179.99
84.98
61.88
84.99
97.12
105.29
108
109
99.99
93
64
108
92.5
119.99
129
109.99
108
null
110.99
109.28
104.98
72.45
33.38
59.98
77.99
60.56
44.48
99
68.99
67.98
72.1
79
79
106.99
49.38
75.98
59.95
149.99
149.99
101.93
139.99
114.99
113.24
84
106.08
103.99
179.99
84.98
61.88
84.99
97.12
105.29
108
109
99.99
93
64
108
92.5
119.99
129
109.99
108
null
110.99
109.28
104.98
72.45
33.38
59.98
77.99
60.56
44.48
99
68.99
67.98
72.1
79
79
106.99
49.38
75.98
59.95
99.99
94.36
65.1
84.99
49.99
49.97
49.76
119.99
69.87
89.23
79.23
69.99
89.99
74.99
52.98
79
109
53.99
74.06
95.39
105.99
106.32
75.98
109.99
73.68
125
169.99
175.99
99.99
129.99
169.99
149
61
88.47
59.99
99.01
72.99
108
89.99
79.99
75.84
60.88
69.9
69.9
99.99
94.36
65.1
84.99
49.99
49.97
49.76
119.99
69.87
89.23
79.23
69.99
89.99
74.99
52.98
79
109
53.99
74.06
95.39
105.99
106.32
75.98
109.99
73.68
125
169.99
175.99
99.99
129.99
169.99
149
61
88.47
59.99
99.01
72.99
108
89.99
79.99
75.84
60.88
69.9
69.9
