47
12
12
0
12
12
12
10
0
12
3
12
12
99
12
99
99
99
99
12
12
12
8
12
85
0
12
12
99
99
12
12
12
0
2
0
99
99
12
12
12
12
67
12
12
12
0
2
12
12
12
99
0
0
12
12
12
12
0
0
12
12
99
12
12
12
12
0
12
12
12
12
12
5
12
12
12
12
99
12
0
99
95
99
0
99
12
0
99
99
99
99
99
99
99
99
12
9
99
0
0
1
0
99
12
12
10
0
99
99
99
12
12
12
12
12
12
12
99
99
99
99
99
99
99
12
87
99
99
12
9
12
12
12
1
6
12
12
12
12
12
12
8
12
99
99
0
99
99
99
10
12
99
99
12
99
99
99
12
99
12
12
99
12
12
12
12
12
99
12
12
99
12
12
12
0
99
12
12
12
12
12
12
12
12
12
12
12
12
10
12
12
12
99
12
12
12
7
12
12
0
12
12
12
12
12
12
12
99
5
12
12
12
12
12
99
99
99
0
12
12
12
12
12
12
12
12
12
12
12
12
12
12
12
12
12
12
12
12
12
15
99
0
99
99
99
12
12
12
4
12
12
12
12
0
12
99
99
5
12
12
99
12
12
12
12
12
99
99
12
12
12
12
0
99
99
99
1
10
9
12
12
12
0
12
3
12
4
12
12
12
12
12
7
12
0
99
12
0
4
12
5
0
12
99
99
99
99
99
99
12
12
12
0
12
0
12
0
10
99
12
12
99
12
87
99
4
12
99
12
10
12
12
12
2
12
99
10
99
12
99
12
12
12
12
13
12
12
99
99
12
12
12
12
77
50
99
1
12
99
12
12
99
12
12
12
2
12
95
12
12
12
12
10
12
0
0
0
12
12
12
11
12
99
12
12
12
99
12
12
12
12
0
12
12
12
12
12
0
12
12
12
12
12
0
99
12
12
12
99
12
99
12
12
10
10
12
20
2
12
12
99
99
12
4
12
12
0
99
12
99
12
12
99
12
12
0
2
12
0
12
12
99
99
99
99
12
12
12
12
12
99
12
12
12
12
12
12
12
0
0
2
2
12
12
12
8
7
2
2
10
12
5
4
9
2
4
2
4
12
12
5
12
12
12
12
12
0
3
99
0
12
12
12
12
12
12
12
12
12
12
12
12
12
12
11
12
99
12
0
12
12
12
12
12
12
12
99
5
99
25
42
99
12
12
12
12
12
12
40
5
12
99
12
12
12
12
12
12
12
12
12
99
12
12
12
99
12
12
99
99
12
12
12
12
12
12
12
12
100
1
12
12
12
2
12
12
12
12
99
12
12
99
12
99
12
12
2
10
12
9
12
10
12
12
12
12
12
2
99
12
99
12
12
7
10
12
99
12
10
12
0
12
99
12
12
12
12
12
1
6
2
10
12
2
12
12
12
5
12
12
0
2
10
12
12
99
99
12
12
12
12
12
12
30
12
12
12
12
29
25
99
99
12
12
12
25
99
99
49
99
12
99
10
0
99
12
99
0
12
12
12
99
12
12
12
99
12
99
12
12
12
99
99
10
12
12
99
12
12
30
12
12
12
12
29
25
99
99
12
12
12
25
99
99
49
99
12
99
10
0
99
12
99
0
12
12
12
99
12
12
12
99
12
99
12
12
12
99
99
10
12
12
99
